操作时间: Tue May 28 17:28:43 2024
双目标定 RMS 误差: 0.726952
相机矩阵 1:
[4345.497366604152, 0, 547.5135777084405;
 0, 4342.874299935197, 537.8867141974539;
 0, 0, 1]
相机矩阵 2:
[4421.014027735406, 0, 682.7679046787458;
 0, 4422.185153895817, 432.3276393572202;
 0, 0, 1]
旋转矩阵:
[0.9090100893667645, -0.09250130844562041, 0.4063793367843337;
 0.09224998983423496, 0.9955298246876806, 0.02025604929149501;
 -0.4064364609690059, 0.01907553651051845, 0.9134798996703899]
平移向量:
[-0.3392285153087153;
 0.006262758931032402;
 0.101185034989631]




